MAE: 0.10678210678210678
RMSE: 0.3267753154418289
R2: 0.5728715728715729
